
PFM:
       1        2        3        4        5        6        7        8        9
A     1.00     8.00     1.00     0.00     0.00     2.00     7.00     2.00     1.00
C     6.00     2.00     1.00     0.00     0.00     6.00     0.00     0.00     8.00
G     1.00     0.00     8.00    10.00     0.00     0.00     3.00     8.00     0.00
T     2.00     0.00     0.00     0.00    10.00     2.00     0.00     0.00     1.00

PPM:
       1        2        3        4        5        6        7        8        9
A   0.1058   0.7788   0.1058   0.0096   0.0096   0.2019   0.6827   0.2019   0.1058
C   0.5865   0.2019   0.1058   0.0096   0.0096   0.5865   0.0096   0.0096   0.7788
G   0.1058   0.0096   0.7788   0.9712   0.0096   0.0096   0.2981   0.7788   0.0096
T   0.2019   0.0096   0.0096   0.0096   0.9712   0.2019   0.0096   0.0096   0.1058

PWM:
       1        2        3        4        5        6        7        8        9
A  -1.4798   1.4006  -1.4798  -4.9392  -4.9392  -0.5469   1.2105  -0.5469  -1.4798
C   1.5166  -0.0218  -0.9547  -4.4141  -4.4141   1.5166  -4.4141  -4.4141   1.9257
G  -0.9547  -4.4141   1.9257   2.2441  -4.4141  -4.4141   0.5401   1.9257  -4.4141
T  -0.5469  -4.9392  -4.9392  -4.9392   1.7190  -0.5469  -4.9392  -4.9392  -1.4798

Максимальный скор: 15.3846 — последовательность: CAGGTCAGC
Минимальный скор:  -39.9434 — последовательность: ATTAAGTTG